1 1 242 583
0 2 123 527
0 3 296 456
2 4 283 410
0 5 280 350
1 6 284 250
3 7 350 220
1 8 405 190
0 9 410 140
1 10 480 120
0 11 580 120
0 12 730 120
2 13 780 140
1 14 820 160
0 15 880 200
0 16 920 280
0 17 950 320
0 18 930 360
1 19 930 460
3 20 930 520
0 21 850 450
1 22 790 450
0 23 740 470
0 24 660 480
1 25 580 480
0 26 455 500
1 27 380 350
0 28 430 250
2 29 810 230
1 30 810 320
0 31 760 280
0 32 660 300
0 33 560 280
0 34 470 280
0 35 440 350
0 36 550 400
1 37 710 500
3 38 750 590
1 39 800 580
0 40 700 590
1 41 490 375
0 42 410 450
0 43 130 360
0 44 230 170
1 45 280 140
1 46 310 100
1 47 230 80
3 48 330 160
1 49 680 100
0 50 880 90
1 51 980 130
2 52 930 200
1 53 1080 180
0 54 980 240
1 55 1080 350
1 56 1030 370
2 57 980 450
0 58 1080 500
1 59 1180 300
0 60 1230 450
3 61 1300 450
0 62 1280 200
1 63 1255 150
1 64 1080 180
3 65 1130 140
0 66 365 285
