1 2 10.1
2 3 10.5
3 4 6.5
4 5 8.7
5 6 11.2
6 7 8.6
7 8 8.9
8 9 9.1
9 10 10.3
10 11 11.7
11 12 10.7
12 13 6.2
13 14 6.1
14 15 5.6
15 16 4.4
16 17 4.5
17 18 4.3
18 19 1.9
19 20 3.0
20 21 2.1
21 22 2.2
22 23 5.6
23 24 10.1
24 25 9.8
25 26 8.6
26 2 9.4
5 27 11.3
27 35 10.9
9 28 10.1
28 34 11.4
11 33 23.1
15 29 5.9
29 31 6.4
31 30 13.6
31 32 5.7
30 18 12.3
23 36 18.1
36 24 17.8
36 32 13.1
32 33 9.6
33 34 10.9
34 35 10.3	
24 37 9.5
37 38 4.7
38 39 6.6
38 40 5.7
35 41 10.4
41 36 9.8
35 3 25.7
1 3 15.4
1 25 26.5
6 35 21.6
10 34 25.2
13 31 14.6
30 21 15.7
22 31 27.4
39 23 14.9
40 25 19.4
18 39 41.2
41 42 11.6
42 5 12.4
42 3 15.6
43 3 20.6
43 6 21.7
44 6 12.1
44 8 13.6
44 45 7.0
45 46 8.9
46 47 98
46 48 10.2
48 9 10.0
49 12 13.6
49 50 18.9
50 12 17.5
50 51 11.6
51 52 11.7
52 14 16.5
52 53 19.7
54 15 13.7
54 55 14.6
55 56 4.1
56 58 10.4
56 57 8.6
57 18 11.6
18 58 19.8
58 60 18.9
55 59 9.7
59 60 7.2
59 63 8.4
60 61 5.1
61 62 11.8
62 64 6.2
63 64 6.1
64 65 7.4
66 7 6.9
66 8 12.3
66 35 5.8